1 1000
1000 2000
2000 3000
3000 4000
4000 5000
5000 6000
6000 7000
7000 8000
8000 9000
9000 10000
10000 11000
11000 12000
12000 13000
13000 14000
14000 15000
15000 16000
16000 17000
17000 18000
18000 19000
19000 20000
20000 21000
21000 22000
22000 23000
23000 24000
24000 25000
25000 26000
26000 27000
27000 28000
28000 29000
29000 30000
30000 31000
31000 32000
32000 33000
33000 34000
34000 35000
35000 36000
36000 37000
37000 38000
38000 39000
39000 40000
40000 41000
41000 42000
42000 43000
43000 44000
44000 45000
45000 46000
46000 47000
47000 48000
48000 49000
49000 50000
50000 51000
102000 104000
104000 106000
106000 108000
108000 110000
110000 112000
112000 114000
114000 116000
116000 118000
118000 120000
120000 122000
122000 124000
124000 126000
126000 128000
128000 130000
130000 132000
132000 134000
134000 136000
136000 138000
138000 140000
140000 142000
142000 144000
144000 146000
146000 148000
148000 150000
150000 152000
152000 154000
154000 156000
156000 158000
158000 160000
160000 162000
162000 164000
164000 166000
166000 168000
168000 170000
170000 172000
172000 174000
174000 176000
176000 178000
178000 180000
180000 182000
182000 184000
184000 186000
186000 188000
188000 190000
190000 192000
192000 194000
194000 196000
196000 198000
198000 200000
200000 202000
408000 404000
412000 408000
416000 412000
420000 416000
424000 420000
428000 424000
432000 428000
436000 432000
440000 436000
444000 440000
448000 444000
452000 448000
456000 452000
460000 456000
464000 460000
468000 464000
472000 468000
476000 472000
480000 476000
484000 480000
488000 484000
492000 488000
496000 492000
496000 500000
500000 504000
504000 508000
508000 512000
512000 516000
516000 520000
520000 524000
524000 528000
528000 532000
532000 536000
536000 540000
540000 544000
544000 548000
548000 552000
552000 556000
556000 560000
560000 564000
564000 568000
568000 572000
572000 576000
576000 580000
580000 584000
584000 588000
588000 592000
592000 596000
596000 600000
