1 10
2 10
3 10
4 10
5 10
6 10
7 10
8 10
9 10
1 20
2 20
3 20
4 20
5 20
6 20
7 20
8 20
9 20
10 20
11 20
12 20
13 20
14 20
15 20
16 20
17 20
18 20
19 20
100 200
200 300
300 400
400 500
500 600
600 700 
700 800
800 900
900 1000
1000 1100
1100 1200
1200 1300
1300 1400
1400 1500
1500 1600
1600 1700
1700 1800
1800 1900
1900 2000
2000 2100
2100 2200
2200 2300
2300 2400
2400 2500
2500 2600
2600 2700
2700 2800
2800 2900
2900 3000
3000 3100
3100 3200
3200 3300
3300 3400
3400 3500
3500 3600
3600 3700
3700 3800
3800 3900
3900 4000
4000 4100
4100 4200
4200 4300
4300 4400
4400 4500
4500 4600
4600 4700
4700 4800
4800 4900
4900 5000
1 2000
1 3000
1 4000
1 5000
1 6000
1 7000
1 8000
1 9000
1 10000
1 11000
1 12000
1 13000
1 14000
1 15000
1 16000
1 17000
1 18000
1 19000
1 20000
1000 10000
10000 20000
20000 30000
30000 40000
40000 50000
50000 60000
60000 70000
70000 80000
80000 90000
90000 100000
201 210