1 10
133 140
201 210
990 1000
270270 270271
270271 270272
1 1000000
1 1
999999 1000000
1000000 1000000
210 201
1000000 999999
4 4
123388 123387
238945 238944
139823 139824
234 235
12345 12343
143248 143251
23 24
540 542
5415 5410
8 8
16 16
32 32
64 64
128 128
256 256
512 512
1024 1024
2048 2048
4096 4096
8192 8192
16384 16384
32768 32768
65536 65536
131072 131072
262144 262144
524288 524288
524287 524288
262143 262144
131071 131072
65535 65536
32767 32768
16383 16384
8191 8192
4095 4096
2047 2048
1023 1024
511 512
255 256
127 128
63 64
31 32
15 16
7 8
876546 876545
567877 567876
45634 45635
53547 53546
385377 385376
987655 987654
312043 312044
843935 843936
555092 555093
337841 337842
118660 118661
481152 481153
341476 341477
939508 939509
140216 140217
692920 692921
642514 642515
333767 333768
900937 900938
674122 674123
888076 888077
600227 600228
257913 257914
375923 375924
685547 685548
526207 526208
585950 585951
964591 964592
951059 951058
884037 884038
211242 211243
945246 945247
529980 529981
596375 596376
277191 277192
187128 187129
242519 242518
398918 398919
747746 747747
146360 146361
334212 334213
431127 431128
836039 836038
826554 826555
954473 954474
374622 374623
