1 10
100 200
201 210
900 1000
10 1
1 20
20 1
100 200
23 59
23 23
999999 1000000
999998 999999
34523 342343
56453 23432
23423 13578
233422 987872
23423 876543
545 919191
32456 246810
234 17500
24667 123
9876 1
562 170000
4124 2600
84532 1000000
349275 23
34582 402
7658 1001
752 2
25727 88901
272513 777777
1134 231245
200000 200000
212123 212123
135790 124764
777777 999999
999999 123444
14790 999998
37328 71275
38859 87641
85073 48138
17106 24468
44376 23065
50647 13561
98412 62418
61660 24709
29012 35790
21211 54088
235678 231441
124535 123456
897979 231204
678597 890234
528966 899991
659643 200323
26384 48324
55094 37017
39399 23497
61332 28721
9210 79112
90200 18958
56835 26974
8479 49388
909909 102020
545345 102938
40060 44486
95570 92596
29916 66389
87215 78610
54347 24419
73685 40988
58339 78093
89481 65831
345346 912931
262222 454526
262566 671523
1222 123124
98743 77493
91820 74027
20925 59553
2784 42833
94643 61452
29017 6221
87464 79406
83960 49062
18496 14194
30330 53341
61660 83660
44226 75833
91639 31062
70597 23515
89777 7227
61940 31090
19040 66192
56608 45991
94194 10663
22245 75739
56899 51237
29575 643
98743 77493
27503 12064
5395 64508
86140 58593
64006 18396
62867 17286
8835 61537
14324 11852
48884 34121
55990 42754
90793 26197
4020 13115
60116 69967
58736 7274
17589 50807
100100 100200
1 1000000