1 10
100 200
201 210
900 1000
1 1
5 5
1 1000000
16808 475250
650074 943659
108931 211273
27545 850879
777924 237710
723811 877634
580980 379150
236580 558822
511968 10673
901394 819337
125486 91746
425229 894092
640195 186358
35002 921154
616709 357945
515669 571491
788125 702197
6808 5250
74 3659
8931 1273
7545 879
7924 7710
4441 8166
4493 3043
7988 2504
2328 1730
19 72
20 62
92 79
24 58
81 92
62 90
5229 4092
195 6358
5002 1154
6709 7945
5669 1491
8125 2197
9531 904
7723 4667
8550 8025
7802 6854
978 7409
8229 4934
299 8982
8636 8014
3866 9815 
9064 4537
9426 1670
4116 95
5630 6502
6518 4196
16808 475250
650074 943659
108931 211273
27545 850879
777924 237710
564441 438166
484493 243043
807988 522504
282328 531730
378841 542613
544304 833170
817710 97158
129561 570934
493100 280279
351817 795336
899098 807827
613513 929268
723811 877634
580980 379150
236580 558822
511968 10673
901394 819337
125486 91746
425229 894092
640195 186358
35002 921154
616709 357945
515669 571491
788125 702197
509531 60904
727723 454667
728550 118025
797802 806854
540978 847409
308229 374934
260299 938982
28636 408014
623866 389815
739064 554537
339426 1670
724116 220095
75630 446502
546518 934196
30106 810405
319452 194299
782189 821124
799506 246883
406753 731567
936717 130338
354439 53145
851502 844898
783872 955829
111138 619359
153178 982398
722295 477905
621610 946232
959746 844176
853636 266299
98143 880400
999999 1000000
999998 999999
34523 342343
56453 23432
23423 13578
233422 987872
23423 876543
545 919191
32456 246810
234 17500
24667 123
9876 1
562 170000
4124 2600
84532 1000000
349275 23
34582 402
7658 1001
752 2
25727 88901
272513 777777
1134 231245
200000 200000
212123 212123
135790 124764
777777 999999
999999 123444
14790 999998
37328 71275
38859 87641
85073 48138
17106 24468
44376 23065
50647 13561
98412 62418
61660 24709
29012 35790
21211 54088
235678 231441
124535 123456
897979 231204
678597 890234
528966 899991
659643 200323
26384 48324
55094 37017
39399 23497
61332 28721
9210 79112
90200 18958
56835 26974
8479 49388
909909 102020
545345 102938
40060 44486
95570 92596
29916 66389
87215 78610
54347 24419
73685 40988
58339 78093
89481 65831
345346 912931
262222 454526
262566 671523
1222 123124
98743 77493
91820 74027
20925 59553
61660 83660
44226 75833
91639 31062
70597 23515
89777 7227
61940 31090
19040 66192
56608 45991
94194 10663
22245 75739
56899 51237
29575 643
98743 77493
27503 12064
5395 64508
86140 58593
64006 18396
62867 17286
8835 61537
14324 11852
48884 34121
55990 42754
90793 26197
4020 13115
60116 69967
58736 7274
17589 50807
100100 100200
1 1000000
864076 732352
534143 519271
664174 784175
927411 698559
95628 713368
544023 193313
