1 10
100 200
201 210
900 1000
291188 931733
694459 638630
749751 238760
886106 762142
517246 642611
203388 491378
369474 521162
899808 515894
181906 384967
89477 457040
5247 595890
702862 958156
466119 22392
723141 665357
176213 703604
515031 981604
635338 723694
134439 899293
962453 20546
175640 479699
177361 379027
485281 546834
414393 899294
576933 596298
798465 666409
567543 803711
776504 270405
761868 242623
807000 999213
907979 497417
702817 423010
479022 338155
660909 127665
751652 623362
662414 927291
617266 353980
820522 102547
900813 234916
516045 991950
345418 314511
172565 427165
118222 949068
697569 394294
705895 504570
393507 613874
1987 96325
551088 995212
948683 211997
637082 700336
349564 299496
141832 481034
653475 962354
97785 68494
711474 613830
574648 571096
928340 261417
998261 560766
724689 210035
955060 430584
228809 348567
558662 745000
959095 109751
740212 907779
835951 891498
122320 699719
705199 778355
180753 872878
254914 278538
455576 966387
406572 30225
51689 334912
805845 49950
409882 530535
259984 364942
961118 488793
227714 519781
747997 701013
143736 2414
122997 493891
893912 245316
193611 599111
537876 888567
471989 792789
167105 441770
759177 87881
471994 325070
936996 277839
375019 346879
322578 149207
711820 283697
152204 453738
317682 900200
154752 975621
902614 277748
469512 796526
37269 663122
909841 575144
65895 896034
367933 232999
337804 641314
320880 324002
966383 257876
116046 855606
118959 438623
4814 344984
236524 671221
798721 68410
571422 467677
44031 988240
259630 513543
298971 296898
690869 208812
386246 756763
619050 268383
503967 471059
909697 339051
309265 390285
111131 939514
760096 230090
378138 279114
575073 128866
950334 887998
197276 35961
355676 755510
24201 615305
