1 10
100 200
201 210
900 1000
536322 589925
38036 368677
573738 433457
155052 970705
837219 44742
124432 581070
589718 43323
963895 879389
763314 360107
927110 687911
103693 447081
620938 174795
89314 383586
979137 299398
810105 653454
434515 661054
694564 859282
661726 483819
429669 468598
427119 527906
815789 375038
864076 732352
534143 519271
664174 784175
927411 698559
95628 713368
544023 193313
335954 118245
399984 285004
944112 325233
465054 153440
355599 622735
393117 676212
566239 101940
39272 805654
442956 196546
786872 739040
702095 124209
573354 56563
936545 180572
566910 396435
166474 866406
358203 605919
713047 767815
556272 788075
831913 527671
322710 676796
312938 655029
277650 304799
372955 445364
428 892
622 346
975 109
304 831
976 424
141 374
402 613
320 352
873 178
976 858
772 687
58 125
572 308
306 513
295 814
279 490
97 832
128 362
225 182
319 542
787 501
384 397
95 863
773 75
317 882
330 324
170 464
1000 163
524 305
752 122
127 764
165 572
673 877
142 558
120 424
975 693
982 251
316 257
430 514
953 398
838 548
185 139
680 867
777 707
855 497
959 817
34 517
436 889
384 933
140 970
529 781
16 428
100 622
947 76
141 876
90 359
832 954
617 711
912 487
815 779
206 813
307 222
848 906
52 807
24 739
189 33
73 25
13 24
73 24
15 59
53 10
92 97
56 72
45 58
32 74
98 97
50 65
11 37
16 19
4 71
41 65
80 87
72 71
94 34
89 91
37 29
22 80
19 11
61 98
65 85
28 7
9 46
41 22
29 83
47 44
52 65
80 24
11 38
65 48
62 75
57 26
12 95
76 49
1 50
35 96
12 41
66 77
22 17
34 20
2 35
34 79
86 6
17 2
70 73
46 52
25 88
68 88
61 78
25 55
92 66
9 83
1 38
19 72
20 62
92 79
24 58
81 92
62 90
25 6
63 38
8 19
35 50
86 54
48 6
51 24
79 35
39 9
57 69
15 76
71 13
16 52
80 7
84 26
71 69
44 32
51 60
12 19
56 14
28 85
31 69