13892 34353
245 324
7809 342
32 123
324 425
23454 98798
4533 3453
2342 98789
50 50
10 10
899 28892
56835 26974
8479 49388
909909 102020
545345 102938
40060 44486
95570 92596
29916 66389
87215 78610
54347 24419
73685 40988
58339 78093
89481 65831
100 1
149 140
900 800
800 700
2342 15343
700 800
500 400
600 500
42 62
723811 877634
580980 379150
236580 558822
511968 10673
901394 819337
125486 91746
622121 622234
638859 639228
698871 699296
69994 70299
363933 367871
121339 130520
162257 165043
506636 509436
871669 876068
656597 665144
196665 201754
647028 647912
876713 880229
509087 517130
5147 10116
525176 534241
877327 884929
853240 858874
348894 350047
626551 633186
328904 338877
400 20
29 47
51 89
32 9
90 40
17 109
109 211
193 149
79 83
131 53
19 199
209 167
1 11
11 13
90 200
101 200
50 50
222 333
89 91
2000 2000
12 13
7000 7002
455 455
398 398
800 900
513929 979802
634022 723058
133069 898167
18456 961393
175011 478042
176229 377373
484421 544919
413784 898537
575198 594324
664370 798315
566413 803526
393584 695788
502651 705403
392754 612399
95060 999932
1000000 1000000