1 10
100 200
201 210
900 1000
1 1
5 5
1 1000000
16808 475250
650074 943659
108931 211273
27545 850879
777924 237710
564441 438166
484493 243043
807988 522504
282328 531730
378841 542613
544304 833170
817710 97158
129561 570934
493100 280279
351817 795336
899098 807827
613513 929268
723811 877634
580980 379150
236580 558822
511968 10673
901394 819337
125486 91746
425229 894092
640195 186358
35002 921154
616709 357945
515669 571491
788125 702197
6808 5250
74 3659
8931 1273
7545 879
7924 7710
4441 8166
4493 3043
7988 2504
2328 1730
8841 2613
4304 3170
7710 7158
9561 934
3100 279
1817 5336
9098 7827
3513 9268
3811 7634
980 9150
6580 8822
1968 673
1394 9337
5486 1746
5229 4092
195 6358
5002 1154
6709 7945
5669 1491
8125 2197
9531 904
7723 4667
8550 8025
7802 6854
978 7409
8229 4934
299 8982
8636 8014
3866 9815 
9064 4537
9426 1670
4116 95
5630 6502
6518 4196
16808 475250
650074 943659
108931 211273
27545 850879
777924 237710
564441 438166
484493 243043
807988 522504
282328 531730
378841 542613
544304 833170
817710 97158
129561 570934
493100 280279
351817 795336
899098 807827
613513 929268
723811 877634
580980 379150
236580 558822
511968 10673
901394 819337
125486 91746
425229 894092
640195 186358
35002 921154
616709 357945
515669 571491
788125 702197
509531 60904
727723 454667
728550 118025
797802 806854
540978 847409
308229 374934
260299 938982
28636 408014
623866 389815
739064 554537
339426 1670
724116 220095
75630 446502
546518 934196
30106 810405
319452 194299
782189 821124
799506 246883
406753 731567
936717 130338
354439 53145
851502 844898
783872 955829
111138 619359
153178 982398
722295 477905
621610 946232
959746 844176
853636 266299
98143 880400
