1 1
2 1
1000000 1000000
837799 837799
700000 900000
1 1000
1000 1
6000 7000
50000 10000
1 100
100 1
1 1000000
1000000 1
1 3
1 4
1 5
1 6
1 7
1 8
1 9
2 2
4 4
8 8
16 16
32 32
64 64
128 128
256 256
512 512
1024 1024
2048 2048
4096 4096
8192 8192
16384 16384
32768 32768
65536 65536
131072 131072
262144 262144 
524288 524288
999999 1000000
1 2000
1 3000
1 4000
1 5000
1 6000
1 7000
34153 80000
49871 654
2307 794163
168042 920426
46040 524830
37081 367163
984675 952624
308496 971382
420674 146712
746874 484974
297497 497264
216756 565634
597454 458445
485778 789465
837800 837800
837799 837800
837800 837799
837798 837798
837798 837799
837799 837798
837798 837800
837800 837798
1 837798
837798 1
837800 1000000
1000000 837800
837799 1
1 837799
1 837800
1 10
1 20
1 30
1 40
1 50 
1 60 
1 70
1 80 
1 90
1 100 
5984 4815 
4547 5421 
4548 4547 
7974 4874 
9874 4845 
2647 4748 
2654 4864 
6901 4847 
1671 1267 
262 2197 
4664 1687 
2671 1448 
2198 5744 
1657 1964 
19874 49465 
29885 597278
24744 48415
14789 12369
42684 15973 