543 5345
1 3
6 7
10000 100001
9095 900
8610 207948
823867 500
1000000 999999
153 125
11 10
198689 498694
1309 1039468
81011 263574
18639 32645
123123 123123
2 2
1 1
999 99
22424 26374
30 40
30 40
40 30
40 30
794 974
173 27347
67 75642
2731 73453
507298 10294
68023 26306
5104 36592
000125 926545
7894 2234
1 1000000
444 444
999999 999999
8815 8816
8816 8815
15615 62574
153462 1532
8597 8324
28746 365367
188916 169328
129638 12589
16 16
1 10
1 3
4 6
1 19
1529 159
6 6
6 7
6 8
6 9
1 100
50 100
100 1000
500 1000
952 2364
37 735
26 36
26 36
26 36
23 23
23 23
23 23
99 996
90000 90001
90001 90000
62347 6546
2867 230846
98346 34876
83476 674
364 346
86902 82358
2678 634
645363 6347
2836 2753
32698 98
9863 26
263 267
265 253
99 98
99 100
99 101
99 97
5218 5923
856 4586
836 36
83 263
827 333333
62832 634
120900 34
2 363637
37378 889
958585 8112
21213 86
57483 47382
282828 123456
191919 28364
46 57557
448839 1
564738 789
839 12
678000 234
574839 322
598892 45698
92000 1100
119083 332478
573829 573
573829 573857
983712 7382
918285 38386
172856 72638
74835 728391
28563 93826
560393 4736
674839 56478
10 892
382 9477
7483 828
57483 94837
56373 46275
969 2929
483293 85
128 843726
674839 99
223 113005
19284 29365
584839 9
585 73922
583 385
48327 98333
57473 7546
38338 993838
556372 998
892274 744737
67 848382
28383 573
578738 8
1234 4321
9284 83765
57395 9283
82 847573
283875 22
2848 339
573819 95372
2299 55789
2256 645
378 68933
74783 56000
