1 10
100 200
201 210
900 1000
5 200
100 210
1 1000
1 100
200 300
300 400
400 500
500 600
600 700
700 800
800 900
1 1
2 2
1 2
2 1
1 1000000
500000 1000000
27000 28000
160000 162000
18334 969311
81416 795034
64639 467359
11220 25024
900 940
850 880
750 780
320 330
58393 45784
485 490
128000 130000
950 970
23 50
620 645
6000 8000
645 650
700 705
310 320
555100 555200
800 850
770 775
1000 1
47000 48000
100 1
149 140
900 800
800 700
2342 15343
700 800
500 400
600 500
42 62
723811 877634
580980 379150
236580 558822
511968 10673
901394 819337
125486 91746
300 200
37000 38000
100 110
110 120
120 130
130 140
140 150
150 160
160 170
170 180
180 190
190 200
210 220
220 230
230 240
4440 4450
4450 4460
4460 4470
168000 170000
170000 172000
893 4019
592000 596000
596000 600000
35153 45615
18947 20615
987984 1000000
12365 56321
23654 45632
789 987
456 654
123 321
7896 6987
7852 287
2589 2369
1452 1254
3256 3652
74587 78541
96541 14569
123654 456321
97419 651684
78 562
58741 69854
1793 3971
9317 9713
7139 7931
3179 3971
4268 4862
8426 8624
6248 6842
2486 2684
