1 10
100 200
201 210
900 1000
999999 1000000
1000000 1000000
1 1
10 1
2 525
128398 157030
749193 171065
865932 56293
62208 552136
715120 900582
312437 818898
560066 48901
53871 770690
954279 537649
770811 481260
821602 525373
624613 325964
85871 624846
104626 490203
417811 61491
714221 385168
90548 474990
582703 162594
166055 378877
266113 263419
501249 73050
70324 288682
53511 451925
941697 317174
669675 269360
291307 280975
238857 483786
139311 716411
575603 890162
847129 865420
372360 272748
773082 836456
421403 902547
978183 128368
289372 961701
514820 789583
284066 493119
337314 155050
198672 680628
583201 316860
789919 931474
225347 893621
185460 641070
609602 557637
784475 375891
524751 290537
632816 520790
50512 990921
61114 149647
920329 801330
352912 401452
322248 398433
543508 958892
40600 136510
585489 53134
772459 853767
189568 588940
917185 787283
461651 276291
284100 413215
844134 369706
206846 423487
367581 468398
248077 563147
482386 391195
111167 556325
198280 40985
714251 110625
775929 153354
276759 176508
92164 472818
50057 214898
70617 282697
277479 920538
719244 851850
593224 375644
675217 588921
849570 857216
518395 897046
224142 753736
581584 493522
931696 35260
322808 989952
659616 609357
248288 235985
89488 484402
236474 192411
12246 902625
643010 969754
828247 626238
591993 10623
101023 333764
369785 530922
543383 62983
495408 679651
979500 582179
246469 932220
889303 620131
445166 142029
507880 194953
