1 10
100 200
201 210
900 1000
1 1
4 4
1 1000
1000 2000
1001 2000
2000 3000
2001 3000
3000 4000
3001 4000
4000 5000
4001 5000
5000 10000
5001 10000
5500 12000
12000 5500
5501 12000
12000 5501
20 50
21 50
20 51
21 51
50 20
50 21
51 20
51 21
40 50
41 50
40 51
41 51
50 40
50 41
51 40
51 41
101 200
200 101
101 201
201 101
100 201
201 100
5000 6000
5001 6000
5001 6001
5000 6001
6000 7000
6001 7000
500 550
550 600
600 650
650 700
700 750
750 800
800 850
850 900
900 950
950 1000
600 800
550 20
2 80
1 75
87 2
456 1
1 2
2 1
485 3045
234235 1324
123 18095
3250 23456
8540 34853
234 5623
8495 123859
93 452
83 689
74 200
12 42
29 578
10 10
35 900
35 876
12 50
463 789
32 6
5 10
400 32
209 42
1 999
999 9999
9999 99999
999 1000
1000 999
999999 1000000
10000 11000
11000 12000
12000 13000
13000 14000
14000 15000
15000 16000
16000 17000
18000 19000
19000 20000
999999 999999
1000000 1000000
