1 10
10 1
347 23
79999 2398
1 1000000
2 1000000
678 678
1000000 1000000
1000000 100000
1 1
2 999998
636218 892427
701828 791272
247286 271889
708923 710070
796196 830779
297948 359649
346591 383779
655354 673786
175524 239271
497511 512170
708263 776188
591314 649993
826697 905183
111982 148648
355618 418490
846715 929604
94052 192415
673093 678642
125455 137763
763143 830074
193750 287535
822576 900335
3 2
674895 749799
896788 964759
240639 277900
92546 164386
126146 132547
39482 86642
308933 377487
159329 193253
675740 737924
142756 214032
150270 207911
427686 526197
877128 951059
762939 812809
61403 126569
514304 582445
75641 129231
759326 836933
486097 500427
62836 62833
294936 329974
491049 507895
562382 567949
759876 850315
463599 490397
500176 517418
19142 56030
35057 91956
53923 64902
45251 46161
163239 201246
261529 300740
572912 623616
677830 733563
190193 278548
213766 258793
63188 78106
347375 433897
100303 161077
609115 699723
411275 481204
627673 689708
747433 844377
807036 892879
495705 516506
999999 2345
664705 745420
188060 238455
680183 763577
884550 888909
416193 426092
8359 33937
96013 100369
433315 454050
806599 901547
85148 159558
783393 876809
812843 824593
29937 50252
222647 224145
61628 142270
736804 831780
327655 391672
15114 107377
561307 632607
127973 212761