1 10
100 200
201 210
900 1000
100 100
1 210
101 200
1 1
1 2
1 3
1 4
1 5
1 6
1 7
1 8
1 9
1 100
50 100
51 100
123456 987654
999999 1000000
32479200 32479301
74838 84848
22222 22432
000001 000100
54334 54934
23452 45979
5874 9854
09877 29877
534523 805763
608734 883483
123984 908366
345034 598098
091230 890340
459083 624806
123353 983045
000001 100000
713323 913323
541234 987983
001240 513458
880980 989879
234664 912935
125432 987438
1000000 1500000
1304595 1309583
1430796 1629078
5123709 5978324
2349872 2379514
2509234 2552340
2859872 3103095
1234578 1234789
3490587 3933942
1238151 1917579
3504978 3505792
5123075 5238955
1270329 1299845
0235908 0249582
0000001 0000001
2352353 2365252
1111111 1111112
9999999 10000000
2380487 3857185
5375023 5702347
1 50000
50001 100000
100001 150000
150001 200000
200001 250000
250001 300000
300001 350000
350001 400000
400001 450000
450001 500000
500001 550000
550001 600000
600001 650000
650001 700000
700001 750000
750001 800000
800001 850000
850001 900000
900001 950000
950001 1000000
1 100000
100001 200000
200001 300000
300001 400000
400001 500000
500001 600000
600001 700000
700001 800000
800001 900000
900001 1000000
1 250000
250001 500000
500001 750000
750001 1000000
1 500000
500001 1000000
1 1000000
1 10000000