7 131567
458753 755775
219008 532887
47055 679017
679449 934903
383588 519533
34579 831152
53473 529819
7699 671300
66857 383502
417580 686927
589109 930646
527047 846357
91985 654066
416093 701348
762369 910525
47475 262512
328308 736247
632781 756580
365420 991260
247094 982771
722823 753525
72702 651665
631777 884906
272771 436509
477839 766667
237827 274968
166544 359345
486626 897858
60577 909412
504636 904856
319104 516408
494087 986864
90753 266204
73765 947977
384228 500819
277144 914023
464550 529866
50095 941191
761685 770378
125393 828003
15871 688610
629685 868442
725575 736390
888772 999683
233247 306390
351094 513389
591246 846172
412173 841700
269377 415488
468022 537425
178367 287277
153754 571783
33061 802586
498592 534570
748461 955575
554708 890938
624990 842229
159803 212799
130456 714870
91010 274650
3000 414386
26882 709979
239964 938108
180936 317611
652205 887190
150368 681499
385901 387812
147566 499853
587318 845766
590241 955624
148184 556271
408858 983526
141851 565025
252183 488624
464135 961311
126059 199802
319321 629410
126740 651400
621774 803253
247897 476539
203296 389401
28381 901876
142053 426593
410405 947700
131218 885847
92194 162235
71079 365421
135139 253114
455409 783329
349602 452402
809126 931884
215296 651792
679745 909126
250181 861053
471368 506069
600528 817745
462349 756013
632881 951581
439429 824883
689136 702364
954629 987367
289381 851461
514550 537546
103457 414121
576846 876763
440137 729912
715803 869459
706694 800900
19096 741882
525105 886230
65208 463427
489053 713583
667829 682202
199599 916840
866077 890219
139226 544070
450448 989585
215580 446123
315803 514775
439824 881702
467637 806831
211566 365240
153639 999341
616489 630630
595 879
727498 773526
319249 417817
680715 682647
205308 836608
709080 828894
81756 94570
629713 764176
213594 213900
81079 388910
947758 952374
269275 389941
284099 692324
777040 784041
282219 422554
11318 194011
191867 983457
244109 819910
136485 398233
176920 601145
157766 828541
257226 988159
101660 233651
219460 634860
696164 794948
696399 753110
633572 669671
56453 598351
227058 318849
117463 699992
526241 762742
554036 588121
329740 703147
143077 161724
485434 860419
556961 813448
316078 739163
135362 528667
310808 588251
430944 518200
258901 370309
393106 446966
387918 476003
78280 279355
253979 369825
671935 676389
514052 728772
720930 944965
460801 940374
321632 460537
517261 661504
401923 605776
150427 986724
343895 670249
522925 541832
14953 829425
274271 643123
546259 918054
266673 970305
246788 844165
455854 694180
22088 817285
160785 707109
436736 707985
582552 751879
695835 991756
279574 754032
4254 171217
79934 495802
163117 903504
746847 783168
6343 436523
518595 584918
66864 544145
215874 389819
