1 10
100 200
201 210
900 1000
1 10000
9900 10000
10000 10100
10100 10200
10200 10300
10300 10400
10400 10500
10500 10600
10600 10700
10700 10800
10800 10900
10900 11000
11000 11100
11100 11200
11200 11300
11300 11400
11400 11500
11500 11600
11600 11700
11700 11800
11800 11900
11900 12000
12000 12100
12100 12200
12200 12300
12300 12400
12400 12500
12500 12600
12600 12700
12700 12800
12800 12900
12900 13000
13000 13100
13100 13200
13200 13300
13300 13400
13400 13500
13500 13600
13600 13700
13700 13800
13800 13900
13900 14000
14000 14100
14100 14200
14200 14300
14300 14400
14400 14500
14500 14600
14600 14700
14700 14800
14800 14900
14900 15000
15000 15100
15100 15200
15200 15300
15300 15400
15400 15500
15500 15600
15600 15700
15700 15800
15800 15900
15900 16000
16000 16100
16100 16200
16200 16300
16300 16400
16400 16500
16500 16600
16600 16700
16700 16800
16800 16900
16900 17000
17000 17100
17100 17200
17200 17300
17300 17400
17400 17500
17500 17600
17600 17700
17700 17800
17800 17900
17900 18000
18000 18100
18100 18200
18200 18300
18300 18400
18400 18500
18500 18600
18600 18700
18700 18800
18800 18900
18900 19000
19000 19100
19100 19200
19200 19300
19300 19400
19400 19500
19500 19600
19600 19700
19700 19800
19800 19900
999900 1000000