1 1
1 1000000
1000000 1000000
623 987
53 12
34 52234
2434 6743
7890 243
34523 222
43 5893
13892 34353
245 324
7809 342
32 123
324 425
23454 98798
4533 3453
2342 98789
50 50
10 10
899 28892
45434 324111
99 100
86 90
2000 67000
34535 133134
90000 90000
18 21
13 51
2 1
9 1
10 500
6000 8000
14 14000
9789 23411
112 3432
88 99
120 3401
2000 78000
43 42
1 50000
459 900
12345 54321
898989 989898
93 29
43 21
16 81
19 22
17 76
14 92
17 87
18 64
19 45
989 898
20 12
2012 300
500 501
4738 13111
32 64
64 128
128 256
512 1024
1024 2048
2048 1
1990 2020
23408 109230
67 76
90210 90102
1889 1990
1001 20010
2001 3001
92 14
42 62
4089 90831
2342 15343
754 8937
23 24
9999 1000000
8090 9080
2332 2442
7668 8667
900 100
34 879
876543 345678
121 8
88 909
2 4
5 25
25 125
9 81
172 27
902 10
2532  53425 
2 90
23 1876
56 65
1000000 999999
102 1832
3056 89232
8920 45784
5555 6666
1 999111
23333 89
1000 100000
99 7231
19 222
34 789
24 3478
4234 982347
91242 7843
9015 20408
1111 9090
100000 54
1012 1412
848 98012
430 48721
892 66282
58393 45784
111 6666
725 807223
1984 12
901 432
34556 8979
893 4019
238 3895
