1 10
100 200
201 210
900 1000
53394	245720
129963	115155
16001	162998
20161	30124
194728	91067
69332	106874
130155	154467
167187	78513
12244	213016
217920	231515
220400	237441
69568	155993
22038	131628
228428	28266
202808	89187
36229	111782
15618	149021
76084	142055
18351	165892
55551	86469
242010	5582
201928	65373
203362	51178
12016	141389
23847	55593
171800	142510
190865	154103
24200	108126
167601	204900
90056	11850
111007	20756
152571	38629
41425	21535
3148	246327
19437	152501
78993	156580
10645	168658
56204	225191
106530	199658
206481	121579
164812	246017
162289	131367
95365	144969
35460	69540
100181	133049
12070	27836
10256	160343
248744	164592
79924	206962
94519	1509
161263	166142
177338	244589
139517	7532
65860	18990
37038	235765
208826	50593
47622	247060
56111	62616
148319	233373
138810	21229
190601	236494
134681	54740
217345	45776
71055	198572
136735	158121
95865	124759
240681	217746
210206	43075
246725	74848
149716	97252
83020	95442
204415	138720
187898	196501
43637	40535
106018	168583
62477	35469
237455	130678
174822	166102
12357	87972
93716	219149
191973	179162
7189	226288
197199	74950
158593	77979
183106	247042
34128	247871
86511	194786
170997	79551
114108	56954
228536	65991
190564	217610
191826	196042
56507	165991
113905	24422
98447	227910
244636	52166
72683	122856
145808	132660
223909	86733
81960	48712