1 10
100 200
201 210
900 1000
1 50
50 100
100 300
10000 10010
500000 500100
23 50
1 1
999999 1000000
50000 55000
1000 2000
2000 3000
3000 4000
4000 5000
5000 6000
6000 7000
7000 8000
8000 9000
9000 10000
11000 11500
12000 12500
13000 13500
14000 14500
15000 15500
16000 16500
17000 17500
18000 18500
19000 19500
51000 51500
52000 52500
53000 53500
54000 54500
55000 55500
56000 56500
57000 57500
58000 58500
59000 59500
555100 555200
555200 555300
555300 555400
555400 555500
555500 555600
555600 555700
555700 555800
555800 555900
555900 556000
110 119
120 129
130 139
140 149
150 159
160 169
170 179
180 189
190 199
510 519
520 529
530 539
540 549
550 559
560 569
570 579
580 589
590 599
1100 1190
1200 1290
1300 1390
1400 1490
1500 1590
1600 1690
1700 1790
1800 1890
1900 1990
5100 5190
5200 5290
5300 5390
5400 5490
5500 5590
5600 5690
5700 5790
5800 5890
5900 5990
99160 99169
99170 99179
99180 99189
99190 99199
99510 99519
99520 99529
99530 99539
99540 99549
99550 99559
99560 99569
99570 99579
99580 99589
99590 99599
999110 999119
999120 999129
999130 999139
999140 999149
999150 999159
1 1000000
119 110 
129 120 
139 130 
149 140 
159 150 
169 160 
179 170 
189 180 
199 190 
519 510 
529 520 
539 530 
549 540 
559 550 
569 560 
579 570 
589 580 
599 590 