1 10
100 200
201 210
900 1000
80192 759176
418119 549564
689224 94218
248534 990734
714949 141736
422629 32007
550387 118326
794587 372202
498048 904517
397340 935358
209707 111902
311355 552602
898440 138332
455820 151058
679328 133731
217431 565630
26485 56576
499112 953059
496931 969119
520643 334145
101025 647523
363188 451385
369703 907046
911685 895896
301034 576717
323913 97220
644547 80710
6486 443713
718125 477409
683600 791009
817709 361992
656927 291270
731148 471836
796226 769109
127616 2030
553981 53177
691497 949975
316974 595793
954231 567093
593662 146551
699304 320898
148915 467054
473007 9234
587041 899751
679536 182185
107904 301808
297768 836726
999897 450618
327530 679024
747995 675397
7876 172236
219786 246954
248576 251160
784535 76933
322246 675063
562826 74621
445663 125946
642075 636529
705236 927959
222817 476224
311541 594440
343522 889077
9269 315714
140937 863950
658995 610960
696693 119847
427860 567628
433262 482440
794251 409338
274866 441095
615866 840577
523054 688283
949938 428167
619528 434047
422551 380648
870681 499263
784991 170002
335352 748899
657785 575679
535921 736565
871434 823504
151509 767343
820434 454019
640235 73158
889453 644113
711876 853581
972406 384295
297708 731016
515462 570814
831356 262094
998746 291545
947149 102873
82834 720603
639687 924270
250326 689410
612759 310883
983891 194884
670527 486738
876451 117508
12999 52249
646923 557681
542289 533386
125150 424124
46794 99958
195646 338739
273469 845777
388162 385343
803073 766018
487411 620726
597971 848138
534129 222
66878 162958
499251 505663
488886 972802
244844 843108
704709 483572
546632 991982
476125 483763
631957 915220
494476 230554
757759 440826
665613 585340
542452 672813
487546 58669
479590 812473