1 10
10 1
100 200
200 100
201 210
210 201
900 1000
1000 900
1234 12345
1 1
83 1007
512 256
1000000 900000
1 1000000
1000000 1
57 88
13 13
13 131313
12345 123456
123456 1
5000 300013
8888 9999
1111 11111
1337 1337
980 275
888888 999999
4321 54321
12345 54321
87 78
830326 841120
491094 137791
154025 743261
136787 987169
739506 334416
697922 233506
877292 815166
399248 661962
285634 390384
662279 295182
116490 261618
446700 755734
842634 911753
401762 315403
947573 741339
179087 268780
388729 877879
567302 282288
394328 439739
179523 41153
81122 801998
206473 450264
678582 968446
223321 527575
280761 102830
295266 324850
455430 2399
255619 79463
65552 16088
429607 34563
28301 904498
809903 554104
778986 609621
925853 789151
385146 344018
365190 960320
170567 601176
167525 677388
687644 224515
200172 941311
671306 724505
416515 156140
816926 108498
479942 805885
231647 290978
352855 574385
201776 134122
344054 148393
260848 402239
19778 19595
987835 894964
181855 900132
560933 182440
104341 296152
720155 289619
278113 66079
965229 791198
868059 807788
825175 253432
17075 356
170227 317350
526821 923877
408525 990712
903753 503785
394666 922372
575919 825844
443114 856690
564650 433503
22411 53707
988557 995042
799830 364730
824413 980739
689467 623232
657411 506550
772260 164254
277408 325383
673637 191042
250451 842507
231562 265875
85893 8716
578914 911898
729426 642394
816718 489470
708884 525561
341314 732075
291580 604806
480967 350681
722523 571012
593932 337385
313596 821855
412558 27723
730824 514959
190535 662557
250444 415046
546438 441682
883729 522990
715104 748135
290124 394295
115955 609571
780333 725587
900896 130548
795957 632301
944486 557563
797702 65860
455019 131518
141711 300356
554112 490671
662317 565374
33199 497106
591663 960315
912906 369203
121774 158006
526129 369148
535759 779875
59524 538903
911498 170705
481466 575909
505697 416608
884201 36785
504162 740214
915565 308540
