1 10
100 200
201 210
900 1000
233 809
263 657
313 509
431 120
709 854
989 896
23 953
647 235
532 61
450 329
454 426
906 216
772 264
911 116
703 458
811 8
726 941
981 592
472 496
15 262
368 922
596 237
123 843
349 892
646 33
466 402
803 528
305 410
407 165
694 14
254 958
664 985
835 83
113 96
462 508
83 88
272 273
342 313
735 895
657 762
473 686
560 226
185 335
663 251
535 585
539 886
191 400
300 211
88 594
513 76
82853 38102
4198 32785
47799 15331
34718 3815
67216 38333
77560 48469
57639 38020
57087 51609
7128 31792
97254 8317
4558 6558
5624 79697
85077 44442
5854 71667
51427 23559
67848 60550
3910 85814
29169 62623
4750 92543
40933 90568
46741 8362
25881 80371
83813 56680
73040 64731
88354 77560
14087 73710
81238 14842
19716 15365
1282 15464
47829 95364
42423 22738
48544 78308
76202 91602
44611 69053
74039 37547
7851 16208
435 12845
87180 80008
77254 40334
1311 58688
62112 11903
4051 65720
25883 65530
77162 7993
66310 19339
86259 52688
96070 5953
56561 52194
66968 54578
11960 43561
284636 344107
436797 826795
952051 344028
265582 753021
424075 107817
842367 493040
385665 77595
568399 440427
705974 680549
283814 496914
294022 455375
628046 628379
768849 121273
239043 624160
913830 282245
276927 881115
853401 221604
237287 703360
869172 404382
206316 44213
331582 489126
58029 259839
825277 975175
116683 474154
29889 726069
704599 501754
354467 590861
850943 373048
560978 319038
699720 744694
210242 793163
988290 878390
88170 571121
762450 472491
709490 541922
254740 614331
620126 72095
583436 169580
511788 100569
26338 181479
479352 363411
47414 505757
935551 481789
460834 486213
282991 551359
976182 299051
764146 466564
69915 494508
742697 160752
642932 283592
