1 10
100 200
201 210
900 1000
1 1
1 2
2 1
1 999999
567 892
789 1231
451243 451245
451243 452873
451243 467901
999231 999123
998231 999231
999993 999999
245134 763192
28082 416721
377598 199767
234383 817337
891040 717431
433881 148427
515085 985208
300660 660953
544957 120303
338891 424830
114463 23424
469026 839152
287565 426179
122905 389592
255244 796830
630818 399473
579548 543392
240487 912406
747432 542364
260040 501745
539597 742155
441385 417800
865264 847395
74567 272123
507301 490094
269016 641365
16808 475250
650074 943659
108931 211273
27545 850879
777924 237710
564441 438166
484493 243043
807988 522504
282328 531730
378841 542613
544304 833170
817710 97158
129561 570934
493100 280279
351817 795336
899098 807827
613513 929268
723811 877634
580980 379150
236580 558822
511968 10673
901394 819337
125486 91746
425229 894092
640195 186358
35002 921154 
616709 357945
515669 571491
788125 702197
509531 60904
727723 454667
728550 118025
797802 806854
540978 847409
308229 374934
260299 938982
28636 408014
623866 389815
739064 554537
339426 1670
724116 220095
75630 446502
546518 934196
30106 810405
319452 194299
782189 821124
799506 246883
406753 731567
936717 130338
354439 53145
851502 844898
783872 955829
111138 619359
153178 982398
722295 477905
621610 946232
959746 844176
853636 266299
98143 880400
827969 90413
400261 673558
441595 688009
716396 325969
119114 204531
471007 910963
797943 285366
842083 179853
530768 633822
185696 824713
973672 859902 
248591 724832 
314739 153058 
631617 819791
555641 110680
437336 77007
497973 936099
649096 975320
583455 345224
112290 556761
948906 586127
236124 129507
45814 476771
935239 329095 
896221 987845 
712367 140535
725227 915395
941364 318739
607845 559591
436551 145160
808624 764948
597386 307218
195273 755540
399248 242386
413497 894886
140624 682421
28145 531969
335736 699916
161626 663535
46043 796012
454680 24153
