1 10
100 200
201 210
900 1000
99999 1000000
1 1
2 2
4 4
8 8
16 16
32 32
128 128
1024 1024
8192 8192
131072 131072
524288 524288
1 2
5 10
2 10
4 10
9 10
10 10
104 210
1 210
20 210
15 210
99 210
5 5
10 10
20 20
40 40
1 53100
5 53100
20 53100
2000 53100
10000 53100
30000 53100
40000 53100
53050 53100
9 176025
50 176025
402 176025
9283 176025
18765 176025
90000 176025
160000 176025
176000 176025
200 4648752
597 4648752
3986 4648752
49286 4648752
194876 4648752
5 1999
30 1999
298 1999
429 1999
800 1999
3381 9259
100 100
7 99865
31 99865
500 99865
8210 99865
64312 99865
11 11
22 22
44 44
200 200
33 33
66 66
132 132
20 20
40 40
13 13
26 26
52 52
17 17
34 34
19 19
38 38
21 21
42 42
84 84
9 9 20
18 18
1 40
9 40
10 11
20 22
1 5
175 175
350 350
700 700
233 233
600 600
1200 1200
1000 1200
1100 1200
5468 32766
5468 11111
11 1111
800 900
900 1000
1000 1100
1100 1200
500000 1000000
555555 1000000
800000 1000000
900000 1000000
999999 1000000
