1 10
11 20
50 50
100 200
201 210
900 1000
1000 900
12345 54321
99999 100000
1 1000000
329636 955880
369656 784479
428953 124781
587798 565299
333113 748690
307662 800090
899072 642259
369140 235028
785511 202303
346657 132856
527462 813022
257216 559740
713393 68092
339384 380504
310672 522901
83561 176373
5520 864278
605014 954784
120598 594272
23378 314319
101259 100972
168464 948673
575271 885246
723990 780614
317881 924424
48257 894899
568863 398292
858416 178834
288933 251142
532307 57412
582409 488390
640980 924691
270402 470473
178588 30412
508326 776306
743386 684284
954918 818914
511114 529768
401677 657147
997759 24746
838281 118000
570513 424092
183003 772405
182686 724616
691857 317744
664886 89673
240149 86420
734247 829484
957059 453440
41886 950415
997129 100161
973033 29627
816663 249181
328324 819386
126536 679660
699514 783441
692852 265480
901832 91989
37002 62335
327460 532179
153519 769351
781580 123560
857337 639465
499650 864319
280370 715129
6514 367107
561884 897217
769109 802208
320413 393484
900992 224387
319741 850188
779715 311260
641327 696229
345642 125284
168610 502780
918762 793726
229988 235095
837552 399867
764997 847973
980507 701068
228187 477143
835460 652442
981607 788608
424951 659199
674745 971427
62915 229272
611622 686816
695803 840821
491297 38302
693204 35503
394265 661631
51448 252591
28189 408072
629856 107024
423614 762842
864203 502245
435042 835169
244485 324728
394399 895091
394531 553026
372237 521150
775689 190744
610867 187997
792292 115565
607017 224351
532384 344303
53874 410341
503997 160661
99101 890564
760924 811725
548759 153121
682483 328743
629945 359679
376434 683144
295352 93399
515836 633524
111503 889523
838086 868986
431506 595960
779973 579209
507872 743575
733890 943749
431554 973982
3828 846249
106638 463625
885151 465991
163371 842469
532935 346249
223829 161558
350301 201107
109572 907369
562076 954845
815011 813981
881259 26421
903313 979530
661975 271861
265552 513732
570270 449830
415629 464182
641400 215415
615365 345535
33165 500803
831353 109373
234879 607257
140350 91644
599981 259258
353538 202535
179789 168218
117931 434714
604799 488998
342111 982844
834942 96462
397195 689902
714164 573367
652312 722708
183988 251430
921807 275779
224780 579849
284802 62306
49477 445536
445815 27706
284161 974580
311154 868571
181461 749116
16003 546166
95066 100133
677371 109272
434294 986776
396590 55009
471414 427196
305768 409204
331072 371104
979572 3941
700259 666052
579947 119671
670576 361089
164751 842394
625853 215613
139091 823573
385421 303952
196451 335738
824392 31785
983454 207303
369742 438468
700335 430109
260796 12991
317719 682361
477113 71153
748070 746107
999014 107548
749616 748340
73706 921159
53014 449143
468214 161884
509705 248286
851357 457507
291348 694943
346224 388755
416153 319293
961280 455989
