1 10
100 200
201 210
900 1000
1 1
10 1
1000000 1000000
500 500
1000 2000
2000 1000
2000 3000
3000 2000
3 4
4 3
5 10
6 10
10000 10001
512 512
13 13
500 1000
350 300
4000 4001
100000 200000
250 250
250 750
800 1
67 90
1234 1235
2 1
1 2
64 64
80 80
30 40
2100 2105
999999 999999
999999 1000000
30 40
50 60
500 600
22 22
1000 1001
5000 10000
10000 5000
400 500
500 501
1500 2500
2000 3500
15 15
90 90
1024 1025
16 15
8 80
31 33
19 17
700 800
1 1000
80 81
64 64
345 321
900 901
70 80
6000 6000
100000 300000
1 11
11 13
90 200
101 200
50 50
222 333
89 91
2000 2000
12 13
7000 7002
455 455
398 398
800 900
73 73
299 300
166 166
9999 9999
999500 1000000
75 75
1000 1010
890 980
111 111
1111 1111
850 870
439 439
120 124
900 200
60 70
777 777
1300 1300
9 8
40 40
333 335
1 50
25 1
341 341
52 52
43 43
