1 10
100 200
201 210
900 1000
1 1 
1 20
42 500
200 100
20 1
999 1000
23 54
54 23
9 794571
729603 542736 
12 987
13889 98784
1 4
23878 34817
6642 4662
8758 5802
102 411
973 927
3181 1047
9052 2107
5959 2160
8240 394
704 943
6138 6036
850 694
118 12
961 867
820 346
126 57
8773 3232
114 14
157082 667642
681 23
585419 413642
8625 3978
5373 1435
282404 987491
655684 495241
370750 160486
838 2587
4001 1178
580 5458
964 964
8645 3640
401484 142546
702 838
427 42
392 15
7051 7017
877 856
909 9
623209 317286
78568 2415
453600 849256
483 4952
4726 8398
8398 8398
477 1206
743 1230
1307 1484
4594 4526
7 48
52 73
12 3947
938 3
1324 30389
1 1000
1000 2000
2000 3000
3000 4000
4000 5000
5000 6000
6000 7000
7000 8000
8000 9000
9000 10000
10000 11000
11000 12000
12000 13000
13000 14000
14000 15000
15000 16000
16000 17000
17000 18000
18000 19000
19000 20000
20000 21000
21000 22000
22000 23000
23000 24000
24000 25000
25000 26000
26000 27000
27000 28000
28000 29000
29000 30000
30000 31000
31000 32000
32000 33000
33000 34000
34000 35000
35000 36000
36000 37000
37000 38000
42000 43000
43000 44000
44000 45000
45000 46000
46000 47000
47000 48000
48000 49000
114000 116000
116000 118000
118000 120000
120000 122000
122000 124000
124000 126000
126000 128000
138000 140000
140000 142000
142000 144000
160000 162000
162000 164000
164000 166000
166000 168000
178000 180000
180000 182000
182000 184000
184000 186000
186000 188000
196000 198000
198000 200000
200000 202000
428000 424000
432000 428000
436000 432000
480000 476000
496000 492000
496000 500000
500000 504000
504000 508000
524000 528000
528000 532000
548000 552000
552000 556000
556000 560000