1 10
2 2
4 4
8 8
16 16
32 32
64 64
128 128
256 256
512 512
1024 1024
1 1024
512 1024
10 20
50 100
20 30
40 20
100 20
1 100
1 1000
1 10000
1 100000
1 1000000
100 400
800 200
500 200
300 400
530 1000
808 810
801 800
400 500
500 400
700 800
700 1000
1000 1001
1001 1100
1000 1000
1000 10000
1000 100000
1000 1000000
123123 123124
121212 000001
270270 280000
300000 399999
400000 499999
500000 599999
600000 699999
700000 799999
800000 899999
900000 999999
200000 300000
100000 1000000
329109 000010
898989 900000
1000000 1000000
480481 480481
480481 1000000
102930 291092
109389 102932
408281 109283
509320 109283
503943 431094
000001 100000
101010 010101
390290 109391
390424 180812
3000 30000
30000 300000
57575 372093
100000 424242
100 101
545453 1000000
473810 550055
123456 654321
111111 222222
333333 444444
555555 666666
777777 888888
999999 000001
909 9009
707071 808081
201201 202102
1337 7331
80085 434343
7357 187063
42 42
1 3
3 5
5 7
131 137
137 300
111 1111
1111 11111
6073 10000
766667 677776
800009 900008
666666 777777
696969 969696
001010 000010
1000000 00001000000
00000000000001 000000000010
150 000000300
00000000000000000000000001 0000000000000000000100
