8 8
16 16
32 32
64 64
128 128
256 256
512 512
1024 1024
2048 2048
4096 4096
8192 8192
16384 16384
32768 32768
65536 65536
131072 131072
262144 262144
524288 524288
1 50
50 100
100 300
10000 10010
500000 500100
23 50
1 1
999999 1000000
50000 55000
1000 2000
2000 3000
3000 4000
4000 5000
5000 6000
6000 7000
7000 8000
8000 9000
1 2000
1 3000
1 4000
1 5000
1 6000
1 7000
1 8000
1 9000
1 10000
1 11000
1 12000
1 13000
1 14000
1 15000
1 16000
1 17000
1 18000
1 19000
1 20000
262566 671523
1222 123124
98743 77493
91820 74027
20925 59553
2784 42833
94643 61452
29017 6221
87464 79406
83960 49062
18496 14194
30330 53341
61660 83660
44226 75833
91639 31062
70597 23515
536429 534374
775107 77258
141248 532295
638208 46430
952843 528384
835016 667335
434776 873062
987018 233828
905428 396586
814059 681792
257546 814504
992636 420341
739412 95302
197114 2427
710090 566625
469402 506479
437976 445573
701066 401599
534357 33515
149599 228313
692920 725137
647028 647912
876713 880229
509087 517130
5147 10116
525176 534241
877327 884929
853240 858874
348894 350047
626551 633186
328904 338877
19699 22939
430894 436903
1 1000000