1 10
100 200
201 210
900 1000
1 999999
110507 821364
680295 781920
734755 372943
255043 968328
421829 914170
331087 285582
641977 59355
752411 210859
69460 208750
384276 703282
152250 719663
612859 328931
198987 559062
677442 673637
871302 834834
735089 334134
498527 685834
855204 854156
834300 949879
798303 45421
477037 746487
14347 65047
104330 53246
390871 257340
808544 855567
442648 253655
788272 213002
997291 846664
956298 242645
577460 911357
846236 709129
767022 367900
781967 421961
264847 799148
492988 363801
352222 380472
790857 476842
809967 728884
618027 427763
136888 259757
573306 895542
631618 500562
991216 844864
309250 733803
160076 102318
233499 254619
227512 825071
546212 378209
670059 999155
625567 413099
522740 856571
73607 489507
46665 438063
481226 343462
251453 406154
936635 201025
691977 41183
882729 996649
606081 517725
595300 240182
679841 668548
690337 302159
632496 414006
21900 505695
270626 243319
405971 282580
596622 260293
874165 833333
334000 680830
904375 306192
547298 761655
419528 501193
311027 300534
52067 604008
565571 248770
127034 507056
750583 174728
608191 427903
962651 65607
824041 439272
941892 586849
911102 285839
453359 178384
40055 445524
710539 136658
70546 605289
416486 871246
770877 172138
748517 696579
299636 413751
453703 29022
572733 355880
83141 653005
947353 698162
754262 263506
118911 846067
245263 13529
809494 729305
2368 102072
781003 850636
105625 249650
954630 462950
100360 755286
315431 276903
773497 746627
754649 178598
663751 654509
487455 413476
720123 138142
416472 398332
544374 699687
980928 796209
69273 345259
49343 406610
686547 176944
379388 110063
710302 654562
347880 228531
733852 216437
302963 13817
158683 339613
936971 796557
663821 576596
207340 332094
21593 547248
840931 525751
723717 112895
983685 376863
88335 849988
536429 534374
775107 77258
141248 532295
638208 46430
952843 528384
835016 667335
434776 873062
987018 233828
905428 396586
814059 681792
257546 814504
992636 420341
739412 95302
197114 2427
710090 566625
469402 506479
437976 445573
701066 401599
534357 33515
149599 228313
692920 725137
