1 10
100 200
201 210
900 1000
1 1000000
999001 999991
999999 999999
1 1
2 40 
800 90
165789 890
240 1000
1100 1300
220 530
1000000 1000000
500 1000000
30 40
30 50
200 8235
500 800
900 1000
800 1000
300 1000
320 670
100 1000000
250 9000
800 800
190 190
192 356
500 250
800 400
300 150
275 125
100 400
250 500
600 8290
540 210
390 99999
600 700 
800 700
1 50
1 80
2 90
1 15 
15 30
30 45
50 75
100 120
100 115
110 160
170 180
157 157
200 200
300 315
350 365
370 385
1000 1015
3675 3680
3 30
4 40
5 50
6 60 
7 70
8 80
9 90
10 1000
10 10000
9 9000
8 8000
7 7000
6 6000
5 5000
4 4000
3 3000
2 2000
1 1000
10000 10
9000 9
8000 8
7000 7
6000 6
5000 5
4000 4
3000 3
2000 2
1000 1
20 390
12 134
16 246
16 146
134 12
390 20
13 18
14 14
2 2
4 16
55 78
16 256
100 10000
400 20
29 47
51 89
32 9
90 40
17 109
109 211
193 149
79 83
131 53
19 199
209 167
13 89
