1 10
100 200
201 210
900 1000
967573 846661
526083 720962
436661 944344
94809 676860
142176 105162
792116 978633
973200 591600
661723 906726
248859 126345
791286 653942
303965 86997
972336 554767
19728 374364
160845 992653
243621 712484
41019 900028
370818 812389
871424 386210
120956 916569
709643 526861
934327 722494
408829 322300
6609 823598
206422 595788
487258 779573
899786 669737
665670 865793
183673 696587
697242 300019
761852 976107
817507 357815
602274 898742
629589 365317
651033 604104
123266 334880
150156 375382
616169 925375
7422 996106
694069 454765
971910 581450
38208 515259
541030 864471
502065 422936
25549 620325
25525 630873
244499 468166
534987 735023
324156 7251
176864 134804
749635 216330
198425 922144
165852 733808
903022 319825
317579 957787
976293 899437
866743 627798
630370 818470
401326 323389
859046 543394
917116 95913
367790 215147
197991 903063
625634 795948
96255 232156
468381 353617
824157 751458
679339 313717
520766 323590
167451 154209
266258 440540
482923 271163
350474 102984
101363 115049
304502 289016
412091 100036
117442 409905
578221 565437
521156 430405
752065 666892
161599 549390
733351 188179
55286 110799
786164 433129
727513 915075
450871 68518
718632 122994
601489 470437
71186 949227
933816 38063
253134 245110
485778 749941
777144 380244
530338 926171
446840 938369
732649 454594
135835 748490
606112 767563
554435 275749
599152 260408
571986 158004
350917 961618
311669 98304
202491 780521
907310 995687
933169 353055
130118 990734
440196 264040
801602 445453
24636 465788
448952 128513
837418 80823
821963 632102
801542 867391
226849 426768
528583 736403
531143 544636
700590 542762
459477 279216
657524 833638
251932 266539
261631 107296
620256 24724
461177 757883
547651 680069
136383 893584
373112 907513
538220 375348
392318 88927
191255 724588
149980 335489
210139 783349
512169 364402
840650 360971
312316 475395
311205 742112
2610 52498
693506 66031
397729 484001
699755 5968
651125 777929
572192 888446
454616 863439
326719 876630
702379 95967
297047 894127
326109 924439
780318 499344
345556 601069
264853 937263
906369 326939
