271869	794326
538629	88949
419759	108941
732277	117006
668474	250852
824775	673095
777082	60928
244387	310117
827788	591948
560757	419046
179923	904420
9833	292937
568199	924809
852445	484085
740492	874293
167912	932234
591683	162995
543924	488488
512697	437424
552583	175325
595111	667546
867571	457132
85849	378039
696293	549628
649118	583745
940568	365770
983308	489311
71406	788666
431937	212955
385895	519122
973391	435632
476386	617177
381917	62865
484917	156368
534422	36583
978506	547586
15727	110494
384205	12019
777337	545899
465454	374812
717351	188678
50840	570534
93013	627419
964639	801899
315016	834856
544069	368710
738702	467541
62895	265368
989833	930587
812201	817520
771461	727673
28921	376017
674496	534072
421954	312799
40832	224906
154816	279780
109244	552475
405712	124073
152796	525523
579911	881554
859678	908481
42808	740323
470809	568373
999383	958602
822364	990106
68920	544842
98475	869834
415365	633278
154233	727762
641010	491136
276279	839904
182877	972711
429897	531046
128375	570092
794984	468017
433542	727655
728988	873822
519945	92166
107320	90525
975970	586618
625415	507249
229867	920559
844570	321951
886456	791471
862002	454642
813603	720734
192719	800891
588186	568279
779687	305667
916065	583328
908068	766830
301670	430021
930173	365050
56849	932244
628511	514884
530003	202242
553951	31519
287419	104675
509171	875762
318817	472174
813191	275032
591994	855368
438368	566733
708542	629141
309381	110992
860840	466018
572501	201719
408865	777915
880850	432874
898305	417954
973403	256501
47296	791042
368780	945567
508885	793774
516368	246590
666873	480260
696317	80025
46349	282736
249613	446904
24180	322363
556760	747487
703116	721781
252998	770791
968642	892794
539135	355431
590410	167260
951368	356549
321463	394007
447058	233581
198297	906016
348359	568046
358844	741328
938046	782691
454871	593576
919291	237102
417460	823558
243123	5111
326625	28100
355168	603395
360671	735916
669254	194319
789530	434339
245434	607839
680137	867794
955864	117961
414672	100245
782669	217303
579039	150884
59521	745892
400044	822009