1 10
100 200
201 210
900 1000
1 1
2 2
5 5
10 10
9 9 
97 97
1 10
6 10
1 100
51 100 
1 1000
501 1000
1 10000
5001 10000
1 1000000
500000 1000000
500 1000
200 400
2 8
20 40
888 1000
888 999
1 500
250 500 
505 1000
750 1000
60 60
61 65
60 100
70 100
90 100
99 100
80 100
88 100
77 100
100 100
11 11
11 12
11 13
11 14
11 15
11 16
11 17
11 18
11 19
11 20
800 1001
800 1000
810 1000
901 1001
901 1000
905 1001
997 1000
998 1000
999 1001
1001 1001
901 901
666666 1000000
555555 999999
66666 999999
77777 999999
88887 999998
40 999999
50 999999
8 999997
500000 999999
999999 999999
1024 2048
4096 16384
4 16384
65536 524288
262144 524288
1024 524288
32 524288
400000 524288
200000 524288
800005 524288
2222 4444
4444 2222
82 85
85 82
777775 888889
888889 777775 
25 75
75 24
123 321
321 123
1000000 1
33333 2222
2222 33333
200 5454
5454 200
567 765
765 567
1122 2211
2211 1122
999999 1
288928 850203
834452 250384
303654 968837
623774 5164
978131 29077
580970 367896
425614 996927
166729 88663
399570 505454
901785 52024









