1 10
100 200
201 210
900 1000
1 1
10 5
16807 475249
650073 943658
108930 211272
27544 850878
777923 237709
564440 438165
484492 243042
807987 522503
282327 531729
378840 542612
544303 833169
817709 97157
129560 570933
493099 280278
351816 795335
899097 807826
613512 929267
723810 877633
580979 379149
236579 558821
511967 10672
901393 819336
125485 91745
425228 894091
640194 186357
35001 921153
616708 357944
515668 571490
788124 702196
509530 60903
727722 454666
728549 118024
797801 806853
540977 847408
308228 374933
260298 938981
28635 408013
623865 389814
739063 554536
339425 1669
724115 220094
75629 446501
546517 934195
30105 810404
319451 194298
782188 821123
799505 246882
406752 731566
936716 130337
354438 53144
851501 844897
783871 955828
111137 619358
153177 982397
722294 477904
621609 946231
959745 844175
853635 266298
98142 880399
827968 90412
400260 673557
441594 688008
716395 325968
119113 204530
471006 910962
797942 285365
842082 179852
530767 633821
185695 824712
973671 859901
248590 724831
314738 153057
631616 819790
555640 110679
437335 77006
497972 936098
649095 975319
583454 345223
112289 556760
948905 586126
236123 129506
45813 476770
935238 329094
896220 987844
712366 140534
725226 915394
941363 318738
607844 559590
436550 145159
808623 764947
597385 307217
195272 755539
399247 242385
413496 894885
140623 682420
28144 531968
335735 699915
161625 663534
46042 796011
454679 24152
575244 977295
878818 590396
87692 301815
112991 740033
122669 119397
489553 410547
975825 121210
729662 830211
533808 273377
822761 625
737335 401868
977995 2776
62767 997439
829874 689331
540556 456301
468872 300560
120094 918984
113755 639789
851407 828015
30193 222769
15680 303455
16855 267506
170963 233502
586676 863108
963249 602331
277844 887638
760808 939997
428651 54849
645203 495731
796531 198014
395419 636775
42009 530180
687929 995223
244054 588260
76737 991545
747317 837525
204200 134256
421564 960597
306648 337704
225550 925150
541976 301412
938554 482797
102504 348381
34748 7065
659378 847699
878209 725129
578553 265483
650447 264607
180773 45322
664305 755176