1 10
100 200
201 210
900 1000
289383 930886
636915 692777
238335 747793
760492 885386
516649 641421
202362 490027
368690 520059
513926 897763
180540 383426
89172 455736
5211 595368
702567 956429
21530 465782
665123 722862
174067 703135
513929 979802
634022 723058
133069 898167
18456 961393
175011 478042
176229 377373
484421 544919
413784 898537
575198 594324
664370 798315
566413 803526
393584 695788
502651 705403
392754 612399
95060 999932
549676 993368
210012 947739
636226 698586
297539 348094
140795 480570
651434 960378
66601 97467
612902 710097
570492 573317
260756 926652
560280 997301
209441 724286
429689 953865
228444 346619
558440 744729
108117 958031
738097 905771
834481 890675
120709 698927
704567 777856
179497 872353
254586 276965
455306 964683
28624 406219
51528 332871
48829 805732
409503 530019
258270 363368
486715 959708
226340 518149
700723 747796
2245 142618
278611 376348
886 9383
2777 6915
7793 8335
492 5386
1421 6649
27 2362
59 8690
3926 7763
540 3426
5736 9172
5211 5368
2567 6429
1530 5782
2862 5123
3135 4067
3929 9802
3058 4022
3069 8167
1393 8456
5011 8042
6229 7373
4421 4919
3784 8537
4324 5198
4370 8315
3526 6413
6091 8980
1873 9956
6862 9170
6996 7281
925 2305
6327 7084
336 6505
846 1729
1313 5857
3895 6124
545 9582
3367 8814
364 5434
3750 4043
1087 6808
7178 7276
3584 5788
2651 5403
2399 2754
5060 9932
3368 9676
12 7739
6226 8586
7539 8094
570 795
378 1434
6601 7467
97 2902