1 10
100 200
201 210
900 1000
1 1
2 2
3 3
4 4
5 5
6 6
7 7
8 8
9 9
10 10
11 11
12 12
13 13
14 14
15 15
16 16
17 17
18 18
19 19
1 2
2 3
3 4
4 5
5 6
6 7
7 8
8 9
9 10
10 11
11 12
12 13
13 14
14 15
15 16
16 17
17 18
18 19
19 20
2 1
3 2
4 3
5 4
6 5
7 6
8 7
9 8
10 9
11 10
12 11
13 12
14 13
15 14
16 15
17 16
18 17
19 18
20 19
1 500000
1 500001
1 500002
1 500003
1 500004
1 500005
1 500006
1 500007
1 500008
1 500009
1 500010
1 500011
1 500012
1 500013
1 500014
1 500015
1 500016
1 500017
1 500018
1 500019
532677 245803
377663 851218
890165 495311
50124 335322
106743 734991
451268 271520
236422 817674
165838 91062
265753 704789
505089 389612
627058 271882
295921 84917
11226 631492
983153 927399
810039 473390
631171 559738
868005 789099
444246 359674
443549 845462