1 10
100 200
201 210
900 1000
5 5
999900 1000000
151 952
66 67
8215 8214
9957 9957
502951 502951
595538 595538
941379 941380
563372 563373
1652 1653
206985 206985
67283 67283
626188 626189
106277 106278
522899 522898
69494 69495
690727 690727
869252 869252
229318 229319
703085 703086
438552 438553
402761 402762
799146 799149
668803 668807
35643 35652
542792 542797
357319 357321
350986 350986
764038 764041
456047 456053
574645 574655
390554 390560
394731 394733
676954 676955
210634 210636
20617 20620
194532 194533
60117 60125
224351 224357
245237 245239
791960 791961
44965 44972
266664 266672
512487 512500
533530 533615
129164 129215
870504 870507
910118 910120
301678 301644
755975 756044
425999 426024
267203 267281
108823 108910
574870 574912
184325 184328
944384 944409
533368 533468
429793 429834
973378 973473
464419 464477
32223 32291
305428 306389
52888 52958
355325 355646
228587 229094
598039 598275
243241 243753
690940 691029
75366 76033
564948 565842
105392 106261
975255 975391
342284 343242
296395 297384
14799 15790
722166 721933
710281 711233
174332 174928
622121 622234
638859 639228
698871 699296
69994 70299
363933 367871
121339 130520
162257 165043
506636 509436
871669 876068
656597 665144
196665 201754
647028 647912
876713 880229
509087 517130
5147 10116
525176 534241
877327 884929
853240 858874
348894 350047
626551 633186
328904 338877
19699 22939
430894 436903
1 1000000
