664011 704628
747896 748949
873864 957832
869682 949211
845404 938538
833377 839306
792749 859800
134066 433822
438397 745807
717474 868830
223551 955005
175710 486785
262327 329311
998801 999594
161886 537237
164979 550406
202338 623476
522712 996277
474897 791075
884627 967665
234293 804765
894506 955548
1523 870136
923297 989792
292025 331759
334682 477644
624491 658818
575132 883680
926181 963282
802256 847487
473139 608007
262828 296446
733843 990596
794805 951717
554576 728734
868516 923183
739731 890526
522 8003
246 443
1527 34746
806 46957
1247 3316
2280 22360
2421 49074
1094 7066
1993 3836
154 22966
367 45821
445 44657
2307 41544
1576 33864
238 27993
1506 14249
290 46777
2077 30541
768 34958
1256 44871
2049 41019
69 5947
2160 14068
656 10620
1781 16488
1510 24640
1456 4738
1670 13748
2034 40295
2308 22150
817 17904
1400 46504
677 43727
2141 25860
888 15351
1413 31351
1669 17113
596 39489
2229 6160
2442 43488
327 35204
662 27303
1742 26885
1079 14616
2296 47198
1631 39528
1343 34672
1349 8860
107 11095
147 29747
612 7581
2306 35187
1753 8386
1263 1797
2228 39370
1726 9392
95 25488
478 44677
144 23834
318 2262
2261 35697
1391 13742
2479 31392
819 22257
424 2366
759 48765
2032 2606
806 48938
2136 3245
267 33297
913 19912
1740 29383
2398 42846
686 33745
1703 11979
1374 40026
2140 45711
1219 11919
1555 23774
500 36508
1722 13299
1082 40198
1 6394
1898 37776
2324 48088
1516 49335
1849 22735
1455 30975
1296 41217
411 15018
2173 20013
108 43484
1000 12728
2313 37520
1395 42878
1740 14987
2242 11142
1814 15168
2290 47970
1370 38879
1851 27717
1550 9077
231 24314
2142 5907
97 46842
880 34280
722 6046
1720 36926
74 14435
1866 18685
1200 21994
1359 5935
2056 9326
2254 12914
392 7430
1661 8021
597 23197
1999 15515
1881 3224
340 32483
1167 10002
1655 24909
2214 48433
2248 25381
534 34335
203 16296
1296 33167
1655 3731
232 27798
1220 34352
2050 42486
327 11067
452 27684
733 39966
2020 49508
889 21396
2408 31905
19 20436
1387 9546
2189 24075
701 45575
996 28333
1583 11780
360 41935
2412 24888
1562 26538
1431 27131
170 23701
2206 37448
1910 14745
1789 8515
1043 49453
888 32379
717 2756
767 24857
591 10005
1605 22587
98 35951
297 47369
594 39643
895 14920
