1 10
10 1
100 200
200 100
900 1000
1 1000
999 1001
1 14000
1 15000
1 16000
1 17000
103523 24320
24230 34100
201 215430
53312 604
6034 55512
1002 1003
999 2999
832 835343
515085 985208
300660 660953
544957 120303
338891 424830
114463 23424
469026 839152
287565 426179
35002 921154 
616709 357945
515669 571491
484492 243042
807987 522503
282327 531729
378840 542612
544303 833169
817709 97157
129560 570933
1652 1653
206985 206985
67283 67283
626188 626189
106277 106278
522899 522898
69494 69495
690727 690727
869252 869252
643184 157985
364589 989055
852810 179297
122756 692347
776222 166333
938200 631228
267819 904841
105047 373827
945056 406658
377201 983440
33520 238923
399802 676252
454711 887001
582589 915332
8999 12999
14999 16001
503278 790199
573565 679561
47829 129121
532018 851185
223818 643626
250767 595944
94130 992965
71084 221951
560289 608556
255938 870904
297452 434303
582275 680450
532677 245803
377663 851218
890165 495311
50124 335322
983153 927399
810039 473390
690337 302159
632496 414006
21900 505695
270626 243319
405971 282580
596622 260293
1 999999
328324 819386
126536 679660
699514 783441
692852 265480
570513 424092
183003 772405
182686 724616
691857 317744
664886 89673
515836 633524
111503 889523
838086 868986
95066 100133
677371 109272
434294 986776
396590 55009
471414 427196
38208 515259
541030 864471
502065 422936
25549 620325
25525 630873
679339 313717
520766 323590
167451 154209
454616 863439
326719 876630
702379 95967
297047 894127
600000 699999
700000 799999
800000 899999
900000 999999
766667 677776