855693 1000000
1 1000000
259873 1000
1000000 1000
999999 1000000
100 100
1000000 1000000
578 2839
999999 1
899 900
1 2
9 10
2 1
2 3
573829 91892
747291 923103
42 442
444 444
19 19
122222 129412
132 1932
1592 10344
133 1223
42 583
193 481
891 1281
83718 183122
222381 222382
8912 8913
32121 32120
23812 21920
38294 48212
3 9
2 1
893 912
898 898
190 191
381022 313324
238139 899131
1922 1923
28912 21981
39123 33121
3212 3212
48292 182910
483193 238193
33122 12394
32358 84213
484 841
41 89
31 93
8412 8410
84201 3941
4910 3941
4819 2923
48194 419321
4 3
4 1
481 921
34 483
482 91
4291 9312
93 91
841 482
49 21
44 81
912 391
4910 4810
9124 3123
8912 9134
8319 2192
9348 21289
391 921
843 481
412 481
491 921
902 1111
39120 39102
10293 91203
9312 8291
92292 93884
6 7
9 9
9 10
33 99
12 92
31 83
15968 12956
821 829
98 29
219 851
581 841
952 831
413 912
248 912
999999 999999
899999 899999
899999 1000000
599999 599999
600 500
1 1
2 2
90 99
2913 9401
9492 9120
1213 8842
1934 8313
9881 9123
4234 8912
7777 7777
7777 8888
256 1024
512 1024
512 512
