1 10
100 200
201 210
900 1000
1 1
1 2
1 3
1 4
1 5
1 6
1 7
1 8
1 9
1000000 1000000
100000 100001
478462 478463
10 1
34235 423423
8792 2342
62345 135534
909238 234
2342 357356
872234 198357
387 3753
69403 2347
9109 5
981983 2342
938 234
9499 120948
42 42
666 69
420 1776
1995 2000
85932 42398
596039 2349
27238 892832
804 98971 
1122 2233
3344 4455
5566 6677
7788 9910
9809 12312
12312 8797
100 500
200 1000
300 10000
400 100000
500 1000000
999 1000
333 444
890 5839
654 456
456 654
908 1543
987923 324342
12345 54321
555555 666666
675309 23423
2048 2205
151 690459
2049 2050
77778 34023
4985 123541
985 315135
989 234
1 1
90 13412
5345 2342
564575 12314
12312 123123
99999 444444
888888 127274
444444 22222
1111 555555
88 33
88888 66666
11111 999999
33333 555555
222 44
99999 99990
8797 8295
8698 540964
48294 2385
928 2342
923485 728347
84924 382934
798 24432
88888 191919
737373 818181
737373 565656
727 92929
424242 53535
74 5252
99696 62626
989898 64649
82740 904727
723840 232
2859 234
698 2983
2874 2834
958403 989
