1 10
100 200
201 210
900 1000
533 812
783 9367
347 6709
348 5978
782 1104
420 624
791 8971
64 6880
216 9142
741 3382
478 2346
724 5052
855 3013
514 9754
296 2888
624 7261
418 7187
620 6896
954 8412
347 1454
638 4158
882 4317
231 8141
847 7292
162 8540
387 2078
28 7101
281 2264
40 8810
377 4160
3482 58065
7838 59420
452 98190
167 52618
5941 48856
6205 89890
3448 6682
6046 42322
7963 51988
4145 53131
2654 97445
517 19859
6642 55225
3882 83142
1584 4390
6845 61073
5826 39705
8102 30940
6221 17890
6948 75811
9343 88113
886 46329
5822 43257
8010 24284
3768 39027
2042 59424
9852 96183
9367 83070
9532 45523
4221 23627
10830 326886
3421 384751
16538 489846
47538 233695
74006 221492
21858 378011
38782 618460
66087 881967
73621 358940
97855 924649
25308 511493
53986 915853
70314 201854
13118 545122
88528 92730
18334 969311
81416 795034
64639 467359
11220 25024
15463 109511
1203 736271
64780 783584
3423 825844
67019 304929
10166 985856
15635 392968
57928 920039
63008 602753
48688 539418
39300 564764
92249 95527
45953 55396
55529 93940
70703 95675
89960 98806
95308 98336
96498 97362
44629 66957
79300 99523
56255 81080
33704 47804
33580 85953
11929 45517
82033 93333
10791 97046
18111 64267
29724 94966
83943 87291
54525 90392
96283 97069
32513 78524
8164 55931
18141 34114
63879 92968
84633 94992
83523 94454
16832 80289
22015 88057
23197 50234
9355 25624
307775 840438
937852 937949
559792 566262
776060 990887
760938 775633
565991 871736
617810 915457
483004 794354
691031 942293
218288 889334
311977 901372
225345 668852
343093 397836
184218 264366
106545 269051
821198 955556
314716 541187
621152 750976
376134 792835
900263 923451
21668 313667
168921 673707
798392 926336
707625 841441
612309 973113
803208 862496
166139 322818
148341 184257
834702 871694
494181 736458
