1 10
100 200
201 210
900 1000
5282 288361
106308 368632
398325 854920
248980 798813
447507 875166
332322 813068
44160 855263
128942 751529
284728 882288
47424 223252
218937 408113
517794 999871
438294 782531
529635 882358
123122 901760
501502 781689
169266 369219
117415 846311
20935 25700
497534 555469
124997 983472
681580 720925
3807 787779
763079 947630
449238 861676
123556 930832
308710 401964
253128 771202
586974 745973
92213 840999
490534 902383
420234 786309
86536 939318
336470 830012
332086 906204
157782 837153
94182 716802
503278 790199
573565 679561
47829 129121
532018 851185
223818 643626
250767 595944
94130 992965
583491 647501
306186 813792
512636 513783
854638 886215
201530 945433
428420 698127
167117 227298
437223 634381
434499 899223
276218 306493
849527 882055
530457 574601
359900 473242
185919 200698
500315 952738
141298 167634
7793 313291
696159 763792
71084 221951
560289 608556
255938 870904
297452 434303
582275 680450
671336 896572
818105 857113
561047 572478
16452 17909
621956 779441
346941 757259
120065 531938
917096 981251
802184 829696
348385 389923
805522 837197
98718 400569
831263 945655
728812 788328
302562 986079
585523 593057
10913 556351
63597 176758
442257 975733
181220 245194
911064 913242
492586 755974
361998 715845
249234 347790
530229 565227
60890 571484
124904 831151
37048 365099
385069 673507
454711 887001
582589 915332
43620 161848
671847 677105
