1 10
10 1
100 200
200 100
201 210
210 201
900 1000
1000 900
1 2
2 1 
1 1 
1 1000000
1000000 1
613 1800
1800 613
512 604
604 512
832 833
833 832
150123 181346
181346 150123
950467 979567
11 110
110 11
1004 4200
4200 1004
2016 2160
2160 2016
9070 10007
10007 9070
14 23
23 14 
19 19 
13 1000000
1000000 13
613 18001
18001 613
5312 6043
6043 5312
8326 8336
8336 8326
15012 18134
18134 15012
95046 97956
155 10
10 155
10 200
200 10
2015 2105
2105 2015
9009 10001
10001 9009
16 21
21 16 
15 189 
1 106000
106000 1
6113 11800
11800 6113
512 654
654 512
812 933
933 812
150623 186346
18346 150623
954632 979567
15 10
10 15
999 200
200 999
2014 2410
2105 2601
9004 31000
10800 6900
17 2
2 6661 
1 16666 
1 182900
16540 1
613 1780
1800 643
592 604
6055 512
832 88833
833 83542
150123 144346
181346 190123
953247 979567
123 1052
1430 531
103523 24320
24230 34100
201 215430
21330 233301
9400 103450
104300 900543
1 4352
2 13245 
3451 1 
1 340000
435500 1
61353 1800
18030 654613
53312 604
6034 55512
832 835343
8633 84432
15233 49346
184346 150123
92267 975367