1 1000000
1 10
3001 3999
100 1200
200 2020
99999 100001
4000 3000
1337 9001
123456 123456
377952 203289
696275 242549
604854 408093
992306 257727
808347 880755
52675 961765
451815 305850
70957 9507
132859 947079
646153 709862
856633 143497
210664 788516
753138 301598
782240 737762
996208 127857
813374 110287
399773 163736
966090 663018
473991 80370
448905 401001
593968 69717
233529 716930
332212 698923
643184 157985
364589 989055
852810 179297
122756 692347
776222 166333
938200 631228
267819 904841
105047 373827
945056 406658
961323 652163
489821 483923
147640 950224
121459 884438
985054 223152
285645 543988
682240 764120
325083 54457
824909 408390
428494 208184
133923 787546
132810 650872
536778 722005
809109 51123
441440 692988
721069 727034
391007 520985
120343 850617
13331 540549
972648 946532
650954 799583
485145 91199
370809 912014
433288 296944
277842 66735
186986 430176
218274 512661
224818 514593
110793 5267
199567 226300
91762 817423
621646 765124
309033 355866
749030 150423
944368 362943
663510 879130
342018 603912
226114 1442
133679 985900
190104 132913
863036 928772
248184 609614
416836 147701
524444 586366
69265 709486
44792 802578
828795 509742
697555 665926
978555 237468
495972 427889
544245 941939
281761 378156
473225 437771
659835 310767
198545 211273
735674 106156
89972 749838
506134 325483
749706 236244
714814 988171
452344 824802
801202 943600
822774 691321
372160 603498
855701 63484
654419 227066
379031 35533
175072 161776
301039 602898
359854 366956
938374 251199
895435 595284
683396 948121
405221 370402
749952 784826
916395 600009
187209 585447
791714 778036
539023 782586
458501 706630
431484 884370
192430 370549
780931 152220
204167 804983
318471 110918
373317 133299
677933 382213
52541 896972
532200 334806
409129 763996
801247 246825
259645 212275
882730 667591
612883 657045
291707 386523
377201 983440
33520 238923
399802 676252
701850 47122
347865 731965
177054 151782
878515 638439
881951 599492
504928 810682
13385 983879
640433 524056
992881 899496
141986 212025
200766 261758
819024 318035
979752 167985
441252 616089
188402 687682
310871 966474
700033 274655
483732 318735
843312 653443
