1 1
1 2
2 1
57 58
58 57
999999 1000000
1000000 999999
1 1000000
1000000 1
28 28
83782 83782
880569 966119
459669 908076
881016 973198
380058 569188
371866 833770
160792 303228
802270 463078
273744 688642
390611 613533
872588 1035
302598 711796
851294 746814
193606 512687
531438 927373
655854 183932
80128 128594
886116 489979
251388 343615
78275 324476
299985 281464
133305 340735
181898 763692
898301 147928
839467 337331
257972 493930
873855 400583
605746 210260
970427 537484
616941 235793
238005 1028
195989 658186
952529 57091
433220 82971
242894 452876
357591 247428
164944 497718
611567 75876
953906 826892
948237 807965
869139 642968
315635 61970
51143 134058
344268 36025
372569 500407
831580 725371
924953 818682
962978 60142
620687 310021
607849 436115
897327 22201
559245 220774
172434 427625
941447 455927
666631 990620
867186 332484
202698 665570
415426 893590
240611 624497
711 989290
726661 528351
804047 911075
453721 753085
721904 133403
39568 745491
970190 674421
292043 305795
893858 306638
127603 196514
408632 856453
621510 190848
292498 788943
747158 735863
528944 933665
479655 72780
880078 491883
962665 568117
161527 914652
592962 973205
469670 855252
611688 127182
468178 244564
229529 972369
539151 924259
814731 352063
512586 308029
141877 612539
443168 441942
689092 497098
746706 675985
473243 586925
633325 581635
763143 629299
700727 783951
111266 255475
470907 493079
727151 174047
84540 272006
204798 359668
856522 242061
369533 652360
628501 626635
185230 817250
593172 115766
488696 609921
692310 665294
986579 665619
706209 386828
564468 154452
681516 331204
116222 218031
482476 587465
10278 524056
421836 943027
405613 412405
508158 986771
832752 450890
204182 319615
623902 500169
798547 786857
377707 240687